0
59
177
354
590
885
1239
1652
2124
2655
3245
3894
4602
5369
6195
7080
8024
9027
10089
11210
12390
13629
14927
16284
17700
19175
20709
22302
23954
25665
27435
29264
31152
33099
35105
37170
39294
41477
43719
46020
48380
50799
53277
55814
58410
61065
63779
66552
69384
72275
75225
78234
81302
84429
87615
90860
94164
97527
100949
104430
107970
111569
115227
118944
122720
126555
130449
134402
138414
142485
146615
150804
155052
159359
163725
168150
172634
177177
181779
186440
191160
197639
204177
210774
217430
224145
230919
237752
244644
251595
258605
265674
272802
279989
287235
294540
301904
309327
316809
324350
331950
339609
347327
355104
362940
370835
378789
386802
394874
403005
411195
419444
427752
436119
444545
453030
461574
470177
478839
487560
496340
505179
514077
523034
532050
541125
550259
559452
568704
578015
587385
596814
606302
615849
625455
635120
644844
654627
664469
674370
684330
694349
704427
714564
724760
735015
745329
755702
766134
776625
787175
797784
808452
819179
829965
840810
851714
862677
873699
884780
895920
908819
921777
934794
947870
961005
974199
987452
1000764
1014135
1027565
1041054
1054602
1068209
1081875
1095600
1109384
1123227
1137129
1151090
1165110
1179189
1193327
1207524
1221780
1236095
1250469
1264902
1279394
1293945
1308555
1323224
1337952
1352739
1367585
1382490
1397454
1412477
1427559
1442700
1457900
1473159
1488477
1503854
1519290
1534785
1550339
1565952
1581624
1597355
1613145
1628994
1644902
1660869
1676895
1692980
1709124
1725327
1741589
1757910
1774290
1790729
1807227
1823784
1840400
1857075
1873809
1890602
1907454
1924365
1941335
1958364
1975452
1992599
2009805
2027070
2044394
2061777
2079219
2096720
2114280
2133599
2152977
2172414
2191910
2211465
2231079
2250752
2270484
2290275
2310125
2330034
2350002
2370029
2390115
2410260
2430464
2450727
2471049
2491430
2511870
2532369
2552927
2573544
2594220
2614955
2635749
2656602
2677514
2698485
2719515
2740604
2761752
2782959
2804225
2825550
2846934
2868377
2889879
2911440
2933060
2954739
2976477
2998274
3020130
3042045
3064019
3086052
3108144
3130295
3152505
3174774
3197102
3219489
3241935
3264440
3287004
3309627
3332309
3355050
3377850
3400709
3423627
3446604
3469640
3492735
3515889
3539102
3562374
3585705
3609095
3632544
3656052
3679619
3703245
3726930
3750674
3774477
3798339
3822260
3846240
3871979
3897777
3923634
3949550
3975525
4001559
4027652
4053804
4080015
4106285
4132614
4159002
4185449
4211955
4238520
4265144
4291827
4318569
4345370
4372230
4399149
4426127
4453164
4480260
4507415
4534629
4561902
4589234
4616625
4644075
4671584
4699152
4726779
4754465
4782210
4810014
4837877
4865799
4893780
4921820
4949919
4978077
5006294
5034570
5062905
5091299
5119752
5148264
5176835
5205465
5234154
5262902
5291709
5320575
5349500
5378484
5407527
5436629
5465790
5495010
5524289
5553627
5583024
5612480
5641995
5671569
5701202
5730894
5760645
5790455
5820324
5850252
5880239
5910285
5940390
5970554
6000777
6031059
6061400
6091800
6123959
6156177
6188454
6220790
6253185
6285639
6318152
6350724
6383355
6416045
6448794
6481602
6514469
6547395
6580380
6613424
6646527
6679689
6712910
6746190
6779529
6812927
6846384
6879900
6913475
6947109
6980802
7014554
7048365
7082235
7116164
7150152
7184199
7218305
7252470
7286694
7320977
7355319
7389720
7424180
7458699
7493277
7527914
7562610
7597365
7632179
7667052
7701984
7736975
7772025
7807134
7842302
7877529
7912815
7948160
7983564
8019027
8054549
8090130
8125770
8161469
8197227
8233044
8268920
8304855
8340849
8376902
8413014
8449185
8485415
8521704
8558052
8594459
8630925
8667450
8704034
8740677
8777379
8814140
8850960
8889539
8928177
8966874
9005630
9044445
9083319
9122252
9161244
9200295
9239405
9278574
9317802
9357089
9396435
9435840
9475304
9514827
9554409
9594050
9633750
9673509
9713327
9753204
9793140
9833135
9873189
9913302
9953474
9993705
10033995
10074344
10114752
10155219
10195745
10236330
10276974
10317677
10358439
10399260
10440140
10481079
10522077
10563134
10604250
10645425
10686659
10727952
10769304
10810715
10852185
10893714
10935302
10976949
11018655
11060420
11102244
11144127
11186069
11228070
11270130
11312249
11354427
11396664
11438960
11481315
11523729
11566202
11608734
11651325
11693975
11736684
11779452
11822279
11865165
11908110
11951114
11994177
12037299
12080480
12123720
12168719
12213777
12258894
12304070
12349305
12394599
12439952
12485364
12530835
12576365
12621954
12667602
12713309
12759075
12804900
12850784
12896727
12942729
12988790
13034910
13081089
13127327
13173624
13219980
13266395
13312869
13359402
13405994
13452645
13499355
13546124
13592952
13639839
13686785
13733790
13780854
13827977
13875159
13922400
13969700
14017059
14064477
14111954
14159490
14207085
14254739
14302452
14350224
14398055
14445945
14493894
14541902
14589969
14638095
14686280
14734524
14782827
14831189
14879610
14928090
14976629
15025227
15073884
15122600
15171375
15220209
15269102
15318054
15367065
15416135
15465264
15514452
15563699
15613005
15662370
15711794
15761277
15810819
15860420
15910080
15961499
16012977
16064514
16116110
16167765
16219479
16271252
16323084
16374975
16426925
16478934
16531002
16583129
16635315
16687560
16739864
16792227
16844649
16897130
16949670
17002269
17054927
17107644
17160420
17213255
17266149
17319102
17372114
17425185
17478315
17531504
17584752
17638059
17691425
17744850
17798334
17851877
17905479
17959140
18012860
18066639
18120477
18174374
18228330
18282345
18336419
18390552
18444744
18498995
18553305
18607674
18662102
18716589
18771135
18825740
18880404
18935127
18989909
19044750
19099650
19154609
19209627
19264704
19319840
19375035
19430289
19485602
19540974
19596405
19651895
19707444
19763052
19818719
19874445
19930230
19986074
20041977
20097939
20153960
20210040
20267879
20325777
20383734
20441750
20499825
20557959
20616152
20674404
20732715
20791085
20849514
20908002
20966549
21025155
21083820
21142544
21201327
21260169
21319070
21378030
21437049
21496127
21555264
21614460
21673715
21733029
21792402
21851834
21911325
21970875
22030484
22090152
22149879
22209665
22269510
22329414
22389377
22449399
22509480
22569620
22629819
22690077
22750394
22810770
22871205
22931699
22992252
23052864
23113535
23174265
23235054
23295902
23356809
23417775
23478800
23539884
23601027
23662229
23723490
23784810
23846189
23907627
23969124
24030680
24092295
24153969
24215702
24277494
24339345
24401255
24463224
24525252
24587339
24649485
24711690
24773954
24836277
24898659
24961100
25023600
25087859
25152177
25216554
25280990
25345485
25410039
25474652
25539324
25604055
25668845
25733694
25798602
25863569
25928595
25993680
26058824
26124027
26189289
26254610
26319990
26385429
26450927
26516484
26582100
26647775
26713509
26779302
26845154
26911065
26977035
27043064
27109152
27175299
27241505
27307770
27374094
27440477
27506919
27573420
27639980
27706599
27773277
27840014
27906810
27973665
28040579
28107552
28174584
28241675
28308825
28376034
28443302
28510629
28578015
28645460
28712964
28780527
28848149
28915830
28983570
29051369
29119227
29187144
29255120
29323155
29391249
29459402
29527614
29595885
29664215
29732604
29801052
29869559
29938125
30006750
30075434
30144177
30212979
30281840
30350760
30421439
30492177
30562974
30633830
30704745
30775719
30846752
30917844
30988995
31060205
31131474
31202802
31274189
31345635
31417140
31488704
31560327
31632009
31703750
31775550
31847409
31919327
31991304
32063340
32135435
32207589
32279802
32352074
32424405
32496795
32569244
32641752
32714319
32786945
32859630
32932374
33005177
33078039
33150960
33223940
33296979
33370077
33443234
33516450
33589725
33663059
33736452
33809904
33883415
33956985
34030614
34104302
34178049
34251855
34325720
34399644
34473627
34547669
34621770
34695930
34770149
34844427
34918764
34993160
35067615
35142129
35216702
35291334
35366025
35440775
35515584
35590452
35665379
35740365
35815410
35890514
35965677
36040899
36116180
36191520
36268619
36345777
36422994
36500270
36577605
36654999
36732452
36809964
36887535
36965165
37042854
37120602
37198409
37276275
37354200
37432184
37510227
37588329
37666490
37744710
37822989
37901327
37979724
38058180
38136695
38215269
38293902
38372594
38451345
38530155
38609024
38687952
38766939
38845985
38925090
39004254
39083477
39162759
39242100
2147483647